10 10 170141183460469231731687303715884105728
10 16 170141183460469231731687303715884105727
10 16 -170141183460469231731687303715884105728
16 10 80000000000000000000000000000000
2 16 01111111111111111111111111111111111111111111111111111111111111111111111111111111111111111111111111111111111111111111111111111111
2 10 01111111111111111111111111111111111111111111111111111111111111111111111111111111111111111111111111111111111111111111111111111111
16 10 FFFFFFFFFFFFFFFFFFFFFFFFFFFFFFFF
2 1111100011101010111 + 01101110110111 
2 11011011 * 010101111 
2 10 01101010111110111111
10 2 8793278316383117319
16 85AF + 90BC
10 5678 >> 2
2 11011011 & 010101111
2 11011011 | 010101111
2 11011011 ^ 010101111
2 ~ 010101111
10 -1234 >> 1
10 170141183460469231731687303715884105727 >> 1
10 85070591730234615865843651857942052864 << 1